1000 999 246742
2000 1999 986641
3000 2999 2225593
4000 3999 3960127
5000 4999 6192183
6000 5999 8902395
7000 6999 12119318
8000 7999 15834856
9000 8999 20019370
10000 9999 24756180
25000 24999 154748401
1000 999 245335
2000 1999 981545
3000 2999 2221079
4000 3999 3953917
5000 4999 6181487
6000 5999 8898303
7000 6999 12103224
8000 7999 15826397
9000 8999 20017229
10000 9999 24723205
25000 24999 154478057
50000 49999 618685586
100000 99999 2474483453
1000 999 246742
2000 1999 986641
3000 2999 2225593
4000 3999 3960127
5000 4999 6192183
6000 5999 8902395
7000 6999 12119318
8000 7999 15834856
9000 8999 20019370
10000 9999 24756180
25000 24999 154748401
50000 49999 618613515
100000 99999 2474554037
