1000 999 499500
2000 1999 1999000
3000 2999 4498500
4000 3999 7998000
5000 4999 12497500
6000 5999 17997000
7000 6999 24496500
8000 7999 31996000
9000 8999 40495500
10000 9999 49995000
25000 24999 312487500
50000 49999 1249975000
100000 99999 4999950000
1000 999 499500
2000 1999 1999000
3000 2999 4498500
4000 3999 7998000
5000 4999 12497500
6000 5999 17997000
7000 6999 24496500
8000 7999 31996000
9000 8999 40495500
10000 9999 49995000
25000 24999 312487500
50000 49999 1249975000
100000 99999 4999950000
